  -10.000000000000000        1.7241209390355120E-013
  -9.9799799799799800        1.9097126770312886E-013
  -9.9599599599599600        2.1149055321211249E-013
  -9.9399399399399400        2.3417285609796642E-013
  -9.9199199199199199        2.5924164581608548E-013
  -9.8998998998998999        2.8694299333187777E-013
  -9.8798798798798799        3.1754780598284499E-013
  -9.8598598598598599        3.5135427806917779E-013
  -9.8398398398398399        3.8869057746625971E-013
  -9.8198198198198199        4.2991779040892389E-013
  -9.7997997997997999        4.7543314861872765E-013
  -9.7797797797797799        5.2567356514565202E-013
  -9.7597597597597598        5.8111950769019381E-013
  -9.7397397397397398        6.4229924077708053E-013
  -9.7197197197197198        7.0979347098595314E-013
  -9.6996996996996998        7.8424043252658954E-013
  -9.6796796796796798        8.6634145379771115E-013
  -9.6596596596596598        9.5686704921175752E-013
  -9.6396396396396398        1.0566635845277921E-012
  -9.6196196196196198        1.1666605682375522E-012
  -9.5995995995995997        1.2878786262240673E-012
  -9.5795795795795797        1.4214382219894855E-012
  -9.5595595595595597        1.5685691902619981E-012
  -9.5395395395395397        1.7306211577774369E-012
  -9.5195195195195197        1.9090749315279612E-012
  -9.4994994994994997        2.1055549418207130E-012
  -9.4794794794794797        2.3218428351385469E-012
  -9.4594594594594597        2.5598923200923560E-012
  -9.4394394394394396        2.8218453787523218E-012
  -9.4194194194194196        3.1100499654017795E-012
  -9.3993993993993996        3.4270793253324527E-012
  -9.3793793793793796        3.7757530777609186E-012
  -9.3593593593593596        4.1591602193643344E-012
  -9.3393393393393396        4.5806842183853745E-012
  -9.3193193193193196        5.0440303838250523E-012
  -9.2992992992992995        5.5532557100174214E-012
  -9.2792792792792795        6.1128014139564760E-012
  -9.2592592592592595        6.7275284012285785E-012
  -9.2392392392392395        7.4027559164015273E-012
  -9.2192192192192195        8.1443036553578670E-012
  -9.1991991991991995        8.9585376404580740E-012
  -9.1791791791791795        9.8524201847232955E-012
  -9.1591591591591595        1.0833564298580690E-011
  -9.1391391391391394        1.1910292922280776E-011
  -9.1191191191191194        1.3091703399043486E-011
  -9.0990990990990994        1.4387737638506754E-011
  -9.0790790790790794        1.5809258457328864E-011
  -9.0590590590590594        1.7368132624056967E-011
  -9.0390390390390394        1.9077321178833477E-011
  -9.0190190190190194        2.0950977645426134E-011
  -8.9989989989989994        2.3004554803690470E-011
  -8.9789789789789793        2.5254920745192373E-011
  -8.9589589589589593        2.7720484993627127E-011
  -8.9389389389389393        3.0421335535204725E-011
  -8.9189189189189193        3.3379387672661956E-011
  -8.8988988988988993        3.6618545690391479E-011
  -8.8788788788788793        4.0164878397740109E-011
  -8.8588588588588593        4.4046809703246060E-011
  -8.8388388388388393        4.8295325464915500E-011
  -8.8188188188188192        5.2944197961073430E-011
  -8.7987987987987992        5.8030229433375008E-011
  -8.7787787787787792        6.3593516268796435E-011
  -8.7587587587587592        6.9677735511428702E-011
  -8.7387387387387392        7.6330455528323689E-011
  -8.7187187187187192        8.3603472797145738E-011
  -8.6986986986986992        9.1553176937725477E-011
  -8.6786786786786791        1.0024094627553209E-010
  -8.6586586586586591        1.0973357640345299E-010
  -8.6386386386386391        1.2010374439993228E-010
  -8.6186186186186191        1.3143051156745846E-010
  -8.5985985985985991        1.4379986777658758E-010
  -8.5785785785785791        1.5730532073824108E-010
  -8.5585585585585591        1.7204853378204464E-010
  -8.5385385385385391        1.8814001599222987E-010
  -8.5185185185185190        2.0569986884640142E-010
  -8.4984984984984990        2.2485859381762587E-010
  -8.4784784784784790        2.4575796573839727E-010
  -8.4584584584584590        2.6855197708753765E-010
  -8.4384384384384390        2.9340785874977627E-010
  -8.4184184184184190        3.2050718321434726E-010
  -8.3983983983983990        3.5004705662535537E-010
  -8.3783783783783790        3.8224140657496824E-010
  -8.3583583583583589        4.1732237304271179E-010
  -8.3383383383383389        4.5554181043270827E-010
  -8.3183183183183189        4.9717290924799768E-010
  -8.2982982982982989        5.4251194656953024E-010
  -8.2782782782782789        5.9188017518008485E-010
  -8.2582582582582589        6.4562586189279059E-010
  -8.2382382382382389        7.0412648641353171E-010
  -8.2182182182182189        7.6779111288925262E-010
  -8.1981981981981988        8.3706294717390922E-010
  -8.1781781781781788        9.1242209378372807E-010
  -8.1581581581581588        9.9438852751807888E-010
  -8.1381381381381388        1.0835252957950369E-009
  -8.1181181181181188        1.1804419688967210E-009
  -8.0980980980980988        1.2857983565429194E-009
  -8.0780780780780788        1.4003085105173997E-009
  -8.0580580580580587        1.5247450344649953E-009
  -8.0380380380380387        1.6599437234643759E-009
  -8.0180180180180187        1.8068085575674211E-009
  -7.9979979979979978        1.9663170751872441E-009
  -7.9779779779779778        2.1395261540197594E-009
  -7.9579579579579578        2.3275782291056715E-009
  -7.9379379379379378        2.5317079796868694E-009
  -7.9179179179179178        2.7532495186929911E-009
  -7.8978978978978978        2.9936441210167772E-009
  -7.8778778778778777        3.2544485292102621E-009
  -7.8578578578578577        3.5373438778673886E-009
  -7.8378378378378377        3.8441452807599472E-009
  -7.8178178178178177        4.1768121277756666E-009
  -7.7977977977977977        4.5374591418778882E-009
  -7.7777777777777777        4.9283682496781741E-009
  -7.7577577577577577        5.3520013227983626E-009
  -7.7377377377377377        5.8110138510083366E-009
  -7.7177177177177176        6.3082696121741837E-009
  -7.6976976976976976        6.8468564083520689E-009
  -7.6776776776776776        7.4301029419302881E-009
  -7.6576576576576576        8.0615969105708920E-009
  -7.6376376376376376        8.7452044048499094E-009
  -7.6176176176176176        9.4850906979560278E-009
  -7.5975975975975976        1.0285742522603138E-008
  -7.5775775775775776        1.1151991936457331E-008
  -7.5575575575575575        1.2089041883894506E-008
  -7.5375375375375375        1.3102493568814028E-008
  -7.5175175175175175        1.4198375760551627E-008
  -7.4974974974974975        1.5383176162693830E-008
  -7.4774774774774775        1.6663874982806213E-008
  -7.4574574574574575        1.8047980849791486E-008
  -7.4374374374374375        1.9543569234796565E-008
  -7.4174174174174174        2.1159323541336617E-008
  -7.3973973973973974        2.2904579040613655E-008
  -7.3773773773773774        2.4789369838911545E-008
  -7.3573573573573574        2.6824479075485644E-008
  -7.3373373373373374        2.9021492561552215E-008
  -7.3173173173173174        3.1392856083872225E-008
  -7.2972972972972974        3.3951936610033616E-008
  -7.2772772772772774        3.6713087646919961E-008
  -7.2572572572572573        3.9691719019032899E-008
  -7.2372372372372373        4.2904371349370770E-008
  -7.2172172172172173        4.6368795542480233E-008
  -7.1971971971971973        5.0104037587144576E-008
  -7.1771771771771773        5.4130529015007083E-008
  -7.1571571571571573        5.8470183371268162E-008
  -7.1371371371371373        6.3146499074533207E-008
  -7.1171171171171173        6.8184669064934818E-008
  -7.0970970970970972        7.3611697662890602E-008
  -7.0770770770770772        7.9456525085331388E-008
  -7.0570570570570572        8.5750160092000598E-008
  -7.0370370370370372        9.2525821261543144E-008
  -7.0170170170170172        9.9819087425659255E-008
  -6.9969969969969972        1.0766805781960413E-007
  -6.9769769769769772        1.1611352253890560E-007
  -6.9569569569569571        1.2519914392536758E-007
  -6.9369369369369371        1.3497164954031572E-007
  -6.9169169169169171        1.4548103741970708E-007
  -6.8968968968968971        1.5678079434424001E-007
  -6.8768768768768771        1.6892812789802393E-007
  -6.8568568568568571        1.8198421313184383E-007
  -6.8368368368368371        1.9601445469156720E-007
  -6.8168168168168171        2.1108876531901073E-007
  -6.7967967967967970        2.2728186168156698E-007
  -6.7767767767767761        2.4467357853829229E-007
  -6.7567567567567561        2.6334920230400468E-007
  -6.7367367367367361        2.8339982512938789E-007
  -6.7167167167167161        3.0492272067415858E-007
  -6.6966966966966961        3.2802174281228344E-007
  -6.6766766766766761        3.5280774857297669E-007
  -6.6566566566566561        3.7939904668900588E-007
  -6.6366366366366361        4.0792187319471909E-007
  -6.6166166166166160        4.3851089559035040E-007
  -6.5965965965965960        4.7130974716665647E-007
  -6.5765765765765760        5.0647159316492495E-007
  -6.5565565565565560        5.4415973053196618E-007
  -6.5365365365365360        5.8454822311806812E-007
  -6.5165165165165160        6.2782257425808118E-007
  -6.4964964964964960        6.7418043877204736E-007
  -6.4764764764764760        7.2383237652213830E-007
  -6.4564564564564559        7.7700264976735511E-007
  -6.4364364364364359        8.3393006666656324E-007
  -6.4164164164164159        8.9486887339410247E-007
  -6.3963963963963959        9.6008969745062950E-007
  -6.3763763763763759        1.0298805448752258E-006
  -6.3563563563563559        1.1045478541930588E-006
  -6.3363363363363359        1.1844176100665281E-006
  -6.3163163163163158        1.2698365197566108E-006
  -6.2962962962962958        1.3611732556456524E-006
  -6.2762762762762758        1.4588197672228257E-006
  -6.2562562562562558        1.5631926660893980E-006
  -6.2362362362362358        1.6747346877029338E-006
  -6.2162162162162158        1.7939162337474886E-006
  -6.1961961961961958        1.9212369991913443E-006
  -6.1761761761761758        2.0572276882746124E-006
  -6.1561561561561557        2.2024518238565967E-006
  -6.1361361361361357        2.3575076547470719E-006
  -6.1161161161161157        2.5230301658470002E-006
  -6.0960960960960957        2.6996931961325145E-006
  -6.0760760760760757        2.8882116697318064E-006
  -6.0560560560560557        3.0893439455676936E-006
  -6.0360360360360357        3.3038942912692396E-006
  -6.0160160160160157        3.5327154872946235E-006
  -5.9959959959959956        3.7767115674534260E-006
  -5.9759759759759756        4.0368407022713297E-006
  -5.9559559559559556        4.3141182319025133E-006
  -5.9359359359359356        4.6096198555661725E-006
  -5.9159159159159156        4.9244849847627233E-006
  -5.8958958958958956        5.2599202678132848E-006
  -5.8758758758758756        5.6172032935625825E-006
  -5.8558558558558556        5.9976864823904712E-006
  -5.8358358358358355        6.4028011729918700E-006
  -5.8158158158158155        6.8340619137075247E-006
  -5.7957957957957955        7.2930709675205550E-006
  -5.7757757757757755        7.7815230401745249E-006
  -5.7557557557557555        8.3012102412194489E-006
  -5.7357357357357355        8.8540272881513040E-006
  -5.7157157157157155        9.4419769641793620E-006
  -5.6956956956956954        1.0067175840533620E-005
  -5.6756756756756754        1.0731860274611207E-005
  -5.6556556556556554        1.1438392695657272E-005
  -5.6356356356356354        1.2189268190080512E-005
  -5.6156156156156154        1.2987121398918293E-005
  -5.5955955955955954        1.3834733740389045E-005
  -5.5755755755755754        1.4735040970901726E-005
  -5.5555555555555554        1.5691141098333144E-005
  -5.5355355355355353        1.6706302661832488E-005
  -5.5155155155155153        1.7783973392870751E-005
  -5.4954954954954953        1.8927789272717750E-005
  -5.4754754754754753        2.0141584002003091E-005
  -5.4554554554554553        2.1429398898499604E-005
  -5.4354354354354353        2.2795493239754271E-005
  -5.4154154154154153        2.4244355067689403E-005
  -5.3953953953953953        2.5780712472796947E-005
  -5.3753753753753752        2.7409545376058880E-005
  -5.3553553553553552        2.9136097827238318E-005
  -5.3353353353353352        3.0965890838708220E-005
  -5.3153153153153152        3.2904735774505805E-005
  -5.2952952952952952        3.4958748314830816E-005
  -5.2752752752752752        3.7134363016736145E-005
  -5.2552552552552552        3.9438348492295897E-005
  -5.2352352352352352        4.1877823226071037E-005
  -5.2152152152152151        4.4460272054230880E-005
  -5.1951951951951951        4.7193563328230546E-005
  -5.1751751751751751        5.0085966786479729E-005
  -5.1551551551551551        5.3146172157977804E-005
  -5.1351351351351351        5.6383308522426199E-005
  -5.1151151151151151        5.9806964451860486E-005
  -5.0950950950950951        6.3427208959373446E-005
  -5.0750750750750750        6.7254613281024966E-005
  -5.0550550550550550        7.1300273517548642E-005
  -5.0350350350350350        7.5575834162977876E-005
  -5.0150150150150150        8.0093512547810110E-005
  -4.9949949949949950        8.4866124224822212E-005
  -4.9749749749749750        8.9907109326123517E-005
  -4.9549549549549550        9.5230559920502007E-005
  -4.9349349349349350        1.0085124840056668E-004
  -4.9149149149149149        1.0678465692962061E-004
  -4.8948948948948949        1.1304700797862052E-004
  -4.8748748748748749        1.1965529598396956E-004
  -4.8548548548548549        1.2662732015726122E-004
  -4.8348348348348349        1.3398171847845057E-004
  -4.8148148148148149        1.4173800290424404E-004
  -4.7947947947947949        1.4991659582380218E-004
  -4.7747747747747749        1.5853886779411584E-004
  -4.7547547547547548        1.6762717658764522E-004
  -4.7347347347347348        1.7720490758502141E-004
  -4.7147147147147148        1.8729651554576842E-004
  -4.6946946946946948        1.9792756779013010E-004
  -4.6746746746746748        2.0912478882516986E-004
  -4.6546546546546548        2.2091610644835711E-004
  -4.6346346346346348        2.3333069936183826E-004
  -4.6146146146146148        2.4639904633054699E-004
  -4.5945945945945947        2.6015297691719253E-004
  -4.5745745745745747        2.7462572382700725E-004
  -4.5545545545545547        2.8985197689492123E-004
  -4.5345345345345347        3.0586793874754262E-004
  -4.5145145145145147        3.2271138217199560E-004
  -4.4944944944944947        3.4042170922324484E-004
  -4.4744744744744747        3.5904001210107918E-004
  -4.4544544544544546        3.7860913582735362E-004
  -4.4344344344344346        3.9917374275349327E-004
  -4.4144144144144146        4.2078037892754943E-004
  -4.3943943943943946        4.4347754234930203E-004
  -4.3743743743743746        4.6731575314106887E-004
  -4.3543543543543546        4.9234762566090196E-004
  -4.3343343343343346        5.1862794258380953E-004
  -4.3143143143143146        5.4621373097552136E-004
  -4.2942942942942945        5.7516434038205834E-004
  -4.2742742742742745        6.0554152295704900E-004
  -4.2542542542542545        6.3740951564728162E-004
  -4.2342342342342345        6.7083512445544925E-004
  -4.2142142142142145        7.0588781079738484E-004
  -4.1941941941941945        7.4263977996930249E-004
  -4.1741741741741745        7.8116607173871427E-004
  -4.1541541541541545        8.2154465307063957E-004
  -4.1341341341341344        8.6385651299864528E-004
  -4.1141141141141144        9.0818575964797771E-004
  -4.0940940940940944        9.5461971941569366E-004
  -4.0740740740740744        1.0032490383101737E-003
  -4.0540540540540544        1.0541677854497666E-003
  -4.0340340340340344        1.1074735587175612E-003
  -4.0140140140140144        1.1632675925663468E-003
  -3.9939939939939944        1.2216548679647799E-003
  -3.9739739739739743        1.2827442244725956E-003
  -3.9539539539539543        1.3466484744293554E-003
  -3.9339339339339343        1.4134845192377446E-003
  -3.9139139139139143        1.4833734677188164E-003
  -3.8938938938938943        1.5564407565127746E-003
  -3.8738738738738743        1.6328162724950118E-003
  -3.8538538538538543        1.7126344771729962E-003
  -3.8338338338338342        1.7960345330253799E-003
  -3.8138138138138142        1.8831604317403779E-003
  -3.7937937937937942        1.9741611243058541E-003
  -3.7737737737737742        2.0691906528989210E-003
  -3.7537537537537542        2.1684082845180083E-003
  -3.7337337337337342        2.2719786462953961E-003
  -3.7137137137137142        2.3800718624230090E-003
  -3.6936936936936942        2.4928636926190547E-003
  -3.6736736736736741        2.6105356720576164E-003
  -3.6536536536536541        2.7332752526777289E-003
  -3.6336336336336341        2.8612759457827528E-003
  -3.6136136136136141        2.9947374658350298E-003
  -3.5935935935935941        3.1338658753447212E-003
  -3.5735735735735732        3.2788737307456804E-003
  -3.5535535535535532        3.4299802291448576E-003
  -3.5335335335335332        3.5874113558254880E-003
  -3.5135135135135132        3.7514000323775327E-003
  -3.4934934934934931        3.9221862653225333E-003
  -3.4734734734734731        4.1000172950930325E-003
  -3.4534534534534531        4.2851477452199496E-003
  -3.4334334334334331        4.4778397715744709E-003
  -3.4134134134134131        4.6783632115036848E-003
  -3.3933933933933931        4.8869957326923901E-003
  -3.3733733733733731        5.1040229815760337E-003
  -3.3533533533533531        5.3297387311225910E-003
  -3.3333333333333330        5.5644450277938752E-003
  -3.3133133133133130        5.8084523374892852E-003
  -3.2932932932932930        6.0620796902676171E-003
  -3.2732732732732730        6.3256548236351236E-003
  -3.2532532532532530        6.5995143241805209E-003
  -3.2332332332332330        6.8840037673301071E-003
  -3.2132132132132130        7.1794778549887327E-003
  -3.1931931931931929        7.4863005508247361E-003
  -3.1731731731731729        7.8048452129499072E-003
  -3.1531531531531529        8.1354947237375092E-003
  -3.1331331331331329        8.4786416165147406E-003
  -3.1131131131131129        8.8346881988581542E-003
  -3.0930930930930929        9.2040466722137660E-003
  -3.0730730730730729        9.5871392475562651E-003
  -3.0530530530530529        9.9843982567948669E-003
  -3.0330330330330328        1.0396266259626509E-002
  -3.0130130130130128        1.0823196145530296E-002
  -2.9929929929929928        1.1265651230590687E-002
  -2.9729729729729728        1.1724105348830630E-002
  -2.9529529529529528        1.2199042937729446E-002
  -2.9329329329329328        1.2690959117594651E-002
  -2.9129129129129128        1.3200359764451072E-002
  -2.8928928928928928        1.3727761576105160E-002
  -2.8728728728728727        1.4273692131037323E-002
  -2.8528528528528527        1.4838689939770364E-002
  -2.8328328328328327        1.5423304488357263E-002
  -2.8128128128128127        1.6028096273627675E-002
  -2.7927927927927927        1.6653636829828587E-002
  -2.7727727727727727        1.7300508746290869E-002
  -2.7527527527527527        1.7969305675750939E-002
  -2.7327327327327327        1.8660632332953495E-002
  -2.7127127127127126        1.9375104483159496E-002
  -2.6926926926926926        2.0113348920181750E-002
  -2.6726726726726726        2.0876003433569067E-002
  -2.6526526526526526        2.1663716764559297E-002
  -2.6326326326326326        2.2477148550421391E-002
  -2.6126126126126126        2.3316969256806687E-002
  -2.5925925925925926        2.4183860097730912E-002
  -2.5725725725725725        2.5078512942809345E-002
  -2.5525525525525525        2.6001630211370058E-002
  -2.5325325325325325        2.6953924753072615E-002
  -2.5125125125125125        2.7936119714662869E-002
  -2.4924924924924925        2.8948948392498938E-002
  -2.4724724724724725        2.9993154070487100E-002
  -2.4524524524524525        3.1069489843073034E-002
  -2.4324324324324325        3.2178718422938721E-002
  -2.4124124124124124        3.3321611933062635E-002
  -2.3923923923923924        3.4498951682808483E-002
  -2.3723723723723724        3.5711527927715668E-002
  -2.3523523523523524        3.6960139612673970E-002
  -2.3323323323323324        3.8245594098174560E-002
  -2.3123123123123124        3.9568706869340511E-002
  -2.2922922922922924        4.0930301227450692E-002
  -2.2722722722722724        4.2331207963683851E-002
  -2.2522522522522523        4.3772265014822280E-002
  -2.2322322322322323        4.5254317100668920E-002
  -2.2122122122122123        4.6778215342945566E-002
  -2.1921921921921923        4.8344816865456296E-002
  -2.1721721721721723        4.9954984375316300E-002
  -2.1521521521521523        5.1609585725063509E-002
  -2.1321321321321323        5.3309493455488431E-002
  -2.1121121121121122        5.5055584319036947E-002
  -2.0920920920920922        5.6848738783659945E-002
  -2.0720720720720722        5.8689840517005237E-002
  -2.0520520520520522        6.0579775850867545E-002
  -2.0320320320320322        6.2519433225835572E-002
  -2.0120120120120122        6.4509702616097786E-002
  -1.9919919919919913        6.6551474934392313E-002
  -1.9719719719719713        6.8645641417111505E-002
  -1.9519519519519513        7.0793092989597114E-002
  -1.9319319319319312        7.2994719611687617E-002
  -1.9119119119119112        7.5251409603606823E-002
  -1.8918918918918912        7.7564048952310422E-002
  -1.8718718718718712        7.9933520598435698E-002
  -1.8518518518518512        8.2360703704028121E-002
  -1.8318318318318312        8.4846472901248624E-002
  -1.8118118118118112        8.7391697522295836E-002
  -1.7917917917917912        8.9997240810808246E-002
  -1.7717717717717711        9.2663959115042327E-002
  -1.7517517517517511        9.5392701063155561E-002
  -1.7317317317317311        9.8184306720954823E-002
  -1.7117117117117111       0.10103960673250433     
  -1.6916916916916911       0.10395942144401962     
  -1.6716716716716711       0.10694456001150886     
  -1.6516516516516511       0.10999581949265638     
  -1.6316316316316311       0.11311398392347650     
  -1.6116116116116110       0.11629982338030238     
  -1.5915915915915910       0.11955409302770743     
  -1.5715715715715710       0.12287753215299228     
  -1.5515515515515510       0.12627086318790540     
  -1.5315315315315310       0.12973479071829988     
  -1.5115115115115110       0.13327000048246437     
  -1.4914914914914910       0.13687715835890005     
  -1.4714714714714709       0.14055690934435050     
  -1.4514514514514509       0.14430987652292665     
  -1.4314314314314309       0.14813666002720136     
  -1.4114114114114109       0.15203783599218251     
  -1.3913913913913909       0.15601395550310879     
  -1.3713713713713709       0.16006554353804117     
  -1.3513513513513509       0.16419309790626041     
  -1.3313313313313309       0.16839708818350763     
  -1.3113113113113108       0.17267795464514032     
  -1.2912912912912908       0.17703610719830382     
  -1.2712712712712708       0.18147192431424899     
  -1.2512512512512508       0.18598575196195491     
  -1.2312312312312308       0.19057790254424339     
  -1.2112112112112108       0.19524865383759960     
  -1.1911911911911908       0.19999824793693619     
  -1.1711711711711708       0.20482689020656647     
  -1.1511511511511507       0.20973474823867175     
  -1.1311311311311307       0.21472195082057274     
  -1.1111111111111107       0.21978858691213393     
  -1.0910910910910907       0.22493470463464926     
  -1.0710710710710707       0.23016031027257611     
  -1.0510510510510507       0.23546536728949904     
  -1.0310310310310307       0.24084979535972112     
  -1.0110110110110107       0.24631346941689181     
 -0.99099099099099064       0.25185621872109371     
 -0.97097097097097063       0.25747782594581659     
 -0.95095095095095061       0.26317802628625808     
 -0.93093093093093060       0.26895650659039394     
 -0.91091091091091059       0.27481290451426466     
 -0.89089089089089057       0.28074680770292704     
 -0.87087087087087056       0.28675775299852008     
 -0.85085085085085055       0.29284522567688942     
 -0.83083083083083054       0.29900865871421245     
 -0.81081081081081052       0.30524743208505822     
 -0.79079079079079051       0.31156087209330691     
 -0.77077077077077050       0.31794825073734417     
 -0.75075075075075048       0.32440878511092908     
 -0.73073073073073047       0.33094163684112132     
 -0.71071071071071046       0.33754591156463465     
 -0.69069069069069045       0.34422065844396083     
 -0.67067067067067043       0.35096486972458846     
 -0.65065065065065042       0.35777748033461487     
 -0.63063063063063041       0.36465736752801986     
 -0.61061061061061039       0.37160335057284327     
 -0.59059059059059038       0.37861419048547246     
 -0.57057057057057037       0.38568858981221543     
 -0.55055055055055035       0.39282519245929354     
 -0.53053053053053034       0.40002258357235160     
 -0.51051051051051033       0.40727928946654074     
 -0.49049049049049032       0.41459377760818461     
 -0.47047047047047030       0.42196445664899379     
 -0.45045045045045029       0.42938967651374499     
 -0.43043043043043028       0.43686772854229017     
 -0.41041041041041026       0.44439684568670867     
 -0.39039039039039025       0.45197520276436015     
 -0.37037037037037024       0.45960091676753845     
 -0.35035035035035023       0.46727204723036841     
 -0.33033033033033021       0.47498659665352688     
 -0.31031031031031020       0.48274251098730453     
 -0.29029029029029019       0.49053768017346233     
 -0.27027027027027017       0.49836993874627056     
 -0.25025025025025016       0.50623706649304645     
 -0.23023023023023015       0.51413678917444228     
 -0.21021021021021014       0.52206677930466105     
 -0.19019019019019012       0.53002465699170453     
 -0.17017017017017011       0.53800799083768691     
 -0.15015015015015010       0.54601429889917019     
 -0.13013013013013008       0.55404104970740176     
 -0.11011011011011007       0.56208566334825916     
  -9.0090090090090058E-002  0.57014551260162627     
  -7.0070070070070045E-002  0.57821792413985018     
  -5.0050050050050032E-002  0.58630017978484350     
  -3.0030030030030019E-002  0.59438951782332361     
  -1.0010010010010006E-002  0.60248313437959367     
   1.0010010010010006E-002  0.61057818484519399     
   3.0030030030030019E-002  0.61867178536466927     
   5.0050050050050032E-002  0.62676101437661791     
   7.0070070070070045E-002  0.63484291420910832     
   9.0090090090090058E-002  0.64291449272846590     
  0.11011011011011007       0.65097272504035553     
  0.13013013013013008       0.65901455524200525     
  0.15015015015015010       0.66703689822433576     
  0.17017017017017011       0.67503664152268317     
  0.19019019019019012       0.68301064721472737     
  0.21021021021021014       0.69095575386415797     
  0.23023023023023015       0.69886877850853812     
  0.25025025025025016       0.70674651868975047     
  0.27027027027027017       0.71458575452534023     
  0.29029029029029019       0.72238325081899524     
  0.31031031031031020       0.73013575920833740     
  0.33033033033033021       0.73784002034813168     
  0.35035035035035023       0.74549276612695248     
  0.37037037037037024       0.75309072191528670     
  0.39039039039039025       0.76063060884298761     
  0.41041041041041026       0.76810914610394054     
  0.43043043043043028       0.77552305328573989     
  0.45045045045045029       0.78286905272212814     
  0.47047047047047030       0.79014387186589252     
  0.49049049049049032       0.79734424567986983     
  0.51051051051051033       0.80446691904366496     
  0.53053053053053034       0.81150864917364207     
  0.55055055055055035       0.81846620805371617     
  0.57057057057057037       0.82533638487442784     
  0.59059059059059038       0.83211598847775925     
  0.61061061061061039       0.83880184980511552     
  0.63063063063063041       0.84539082434587076     
  0.65065065065065042       0.85187979458385799     
  0.67067067067067043       0.85826567243915852     
  0.69069069069069045       0.86454540170253802     
  0.71071071071071046       0.87071596045985855     
  0.73073073073073047       0.87677436350379256     
  0.75075075075075048       0.88271766473015867     
  0.77077077077077050       0.88854295951619955     
  0.79079079079079051       0.89424738707812768     
  0.81081081081081052       0.89982813280526741     
  0.83083083083083054       0.90528243056814006     
  0.85085085085085055       0.91060756499784734     
  0.87087087087087056       0.91580087373413332     
  0.89089089089089057       0.92085974963952333     
  0.91091091091091059       0.92578164297696908     
  0.93093093093093060       0.93056406354845611     
  0.95095095095095061       0.93520458279206942     
  0.97097097097097063       0.93970083583504516     
  0.99099099099099064       0.94405052350038354     
   1.0110110110110107       0.94825141426464099     
   1.0310310310310307       0.95230134616457018     
   1.0510510510510507       0.95619822865032811     
   1.0710710710710707       0.95994004438303138     
   1.0910910910910907       0.96352485097449425     
   1.1111111111111107       0.96695078266705148     
   1.1311311311311307       0.97021605195143157     
   1.1511511511511507       0.97331895112071865     
   1.1711711711711708       0.97625785375851104     
   1.1911911911911908       0.97903121615946087     
   1.2112112112112108       0.98163757868046075     
   1.2312312312312308       0.98407556702081844     
   1.2512512512512508       0.98634389342985074     
   1.2712712712712708       0.98844135784041021     
   1.2912912912912908       0.99036684892694704     
   1.3113113113113108       0.99211934508680222     
   1.3313313313313309       0.99369791534351781     
   1.3513513513513509       0.99510172017104537     
   1.3713713713713709       0.99633001223783324     
   1.3913913913913909       0.99738213706986767     
   1.4114114114114109       0.99825753363184488     
   1.4314314314314309       0.99895573482575195     
   1.4514514514514509       0.99947636790623506     
   1.4714714714714709       0.99981915481223982     
   1.4914914914914910       0.99998391241450890     
   1.5115115115115110       0.99997055267862989     
   1.5315315315315310       0.99977908274342853     
   1.5515515515515510       0.99940960491461228     
   1.5715715715715710       0.99886231657366875     
   1.5915915915915910       0.99813751000213546     
   1.6116116116116110       0.99723557212145841     
   1.6316316316316311       0.99615698414876386     
   1.6516516516516511       0.99490232116897226     
   1.6716716716716711       0.99347225162378727     
   1.6916916916916911       0.99186753671819428     
   1.7117117117117111       0.99008902974520741     
   1.7317317317317311       0.98813767532970342     
   1.7517517517517511       0.98601450859227957     
   1.7717717717717711       0.98372065423417288     
   1.7917917917917912       0.98125732554437217     
   1.8118118118118112       0.97862582333015058     
   1.8318318318318312       0.97582753477233741     
   1.8518518518518512       0.97286393220674106     
   1.8718718718718712       0.96973657183321926     
   1.8918918918918912       0.96644709235398285     
   1.9119119119119112       0.96299721354280021     
   1.9319319319319312       0.95938873474685027     
   1.9519519519519513       0.95562353332305239     
   1.9719719719719713       0.95170356301077319     
   1.9919919919919913       0.94763085224288512     
   2.0120120120120113       0.94340750239722071     
   2.0320320320320313       0.93903568599053000     
   2.0520520520520513       0.93451764481711430     
   2.0720720720720713       0.92985568803436702     
   2.0920920920920913       0.92505219019750806     
   2.1121121121121114       0.92010958924585273     
   2.1321321321321314       0.91503038444300167     
   2.1521521521521514       0.90981713427338606     
   2.1721721721721714       0.90447245429764311     
   2.1921921921921914       0.89899901496933499     
   2.2122122122122114       0.89339953941555550     
   2.2322322322322314       0.88767680118400494     
   2.2522522522522515       0.88183362195913284     
   2.2722722722722715       0.87587286924997576     
   2.2922922922922915       0.86979745405233500     
   2.3123123123123115       0.86361032848795072     
   2.3323323323323315       0.85731448342334438     
   2.3523523523523515       0.85091294607100587     
   2.3723723723723715       0.84440877757560362     
   2.3923923923923915       0.83780507058789855     
   2.4124124124124116       0.83110494682903557     
   2.4324324324324316       0.82431155464787942     
   2.4524524524524516       0.81742806657404921     
   2.4724724724724716       0.81045767686928949     
   2.4924924924924916       0.80340359907979941     
   2.5125125125125116       0.79626906359211369     
   2.5325325325325316       0.78905731519510935     
   2.5525525525525516       0.78177161065067469     
   2.5725725725725717       0.77441521627555177     
   2.5925925925925917       0.76699140553682121     
   2.6126126126126117       0.75950345666346131     
   2.6326326326326317       0.75195465027637143     
   2.6526526526526517       0.74434826703920198     
   2.6726726726726717       0.73668758533228651     
   2.6926926926926917       0.72897587895191973     
   2.7127127127127117       0.72121641483716992     
   2.7327327327327318       0.71341245082636118     
   2.7527527527527518       0.70556723344529748     
   2.7727727727727718       0.69768399572924344     
   2.7927927927927918       0.68976595508061023     
   2.8128128128128118       0.68181631116423125     
   2.8328328328328336       0.67383824384204283     
   2.8528528528528536       0.66583491114892235     
   2.8728728728728736       0.65780944731134883     
   2.8928928928928936       0.64976496081050394     
   2.9129129129129137       0.64170453249133241     
   2.9329329329329337       0.63363121371902131     
   2.9529529529529537       0.62554802458427450     
   2.9729729729729737       0.61745795215868404     
   2.9929929929929937       0.60936394880141986     
   3.0130130130130137       0.60126893051838137     
   3.0330330330330337       0.59317577537487565     
   3.0530530530530537       0.58508732196280322     
   3.0730730730730738       0.57700636792325743     
   3.0930930930930938       0.56893566852535737     
   3.1131131131131138       0.56087793530205754     
   3.1331331331331338       0.55283583474359266     
   3.1531531531531538       0.54481198704914224     
   3.1731731731731738       0.53680896493720975     
   3.1931931931931938       0.52882929251514066     
   3.2132132132132138       0.52087544420811827     
   3.2332332332332339       0.51294984374790087     
   3.2532532532532539       0.50505486322148363     
   3.2732732732732739       0.49719282217979444     
   3.2932932932932939       0.48936598680645388     
   3.3133133133133139       0.48157656914655750     
   3.3333333333333339       0.47382672639536377     
   3.3533533533533539       0.46611856024669812     
   3.3733733733733740       0.45845411630081390     
   3.3933933933933940       0.45083538353138103     
   3.4134134134134140       0.44326429381120608     
   3.4334334334334340       0.43574272149621918     
   3.4534534534534540       0.42827248306720267     
   3.4734734734734740       0.42085533682866894     
   3.4934934934934940       0.41349298266423951     
   3.5135135135135140       0.40618706184781334     
   3.5335335335335341       0.39893915690976112     
   3.5535535535535541       0.39175079155732134     
   3.5735735735735741       0.38462343064832843     
   3.5935935935935941       0.37755848021734617     
   3.6136136136136141       0.37055728755323686     
   3.6336336336336341       0.36362114132714690     
   3.6536536536536541       0.35675127176984761     
   3.6736736736736741       0.34994885089732880     
   3.6936936936936942       0.34321499278350331     
   3.7137137137137142       0.33655075387884270     
   3.7337337337337342       0.32995713337373239     
   3.7537537537537542       0.32343507360530099     
   3.7737737737737742       0.31698546050644916     
   3.7937937937937942       0.31060912409577512     
   3.8138138138138142       0.30430683900707262     
   3.8338338338338342       0.29807932505704976     
   3.8538538538538543       0.29192724784990048     
   3.8738738738738743       0.28585121941734165     
   3.8938938938938943       0.27985179889271267     
   3.9139139139139143       0.27392949321772175     
   3.9339339339339343       0.26808475788041297     
   3.9539539539539543       0.26231799768291697     
   3.9739739739739743       0.25662956753754523     
   3.9939939939939944       0.25101977328978009     
   4.0140140140140144       0.24548887256671290     
   4.0340340340340344       0.24003707564948190     
   4.0540540540540544       0.23466454636826170     
   4.0740740740740744       0.22937140301836437     
   4.0940940940940944       0.22415771929601230     
   4.1141141141141144       0.21902352525235624     
   4.1341341341341344       0.21396880826431747     
   4.1541541541541545       0.20899351402084757     
   4.1741741741741745       0.20409754752320908     
   4.1941941941941945       0.19928077409789902     
   4.2142142142142145       0.19454302042084964     
   4.2342342342342345       0.18988407555156225     
   4.2542542542542545       0.18530369197584673     
   4.2742742742742745       0.18080158665586121     
   4.2942942942942945       0.17637744208616926     
   4.3143143143143146       0.17203090735455390     
   4.3343343343343346       0.16776159920635342     
   4.3543543543543546       0.16356910311110934     
   4.3743743743743746       0.15945297433034394     
   4.3943943943943946       0.15541273898531255     
   4.4144144144144146       0.15144789512360418     
   4.4344344344344346       0.14755791378349489     
   4.4544544544544546       0.14374224005498679     
   4.4744744744744747       0.14000029413649931     
   4.4944944944944947       0.13633147238620821     
   4.5145145145145147       0.13273514836706360     
   4.5345345345345347       0.12921067388454777     
   4.5545545545545547       0.12575738001626979     
   4.5745745745745747       0.12237457813252604     
   4.5945945945945947       0.11906156090699092     
   4.6146146146146148       0.11581760331673542     
   4.6346346346346348       0.11264196363080688     
   4.6546546546546548       0.10953388438663737     
   4.6746746746746748       0.10649259335358337     
   4.6946946946946948       0.10351730448293353     
   4.7147147147147148       0.10060721884375778     
   4.7347347347347348        9.7761525544003608E-002
   4.7547547547547548        9.4979402636282045E-002
   4.7747747747747749        9.2260018007819161E-002
   4.7947947947947949        8.9602530254083365E-002
   4.8148148148148149        8.7006089535633019E-002
   4.8348348348348349        8.4469838417762094E-002
   4.8548548548548549        8.1992912692554945E-002
   4.8748748748748749        7.9574442182994878E-002
   4.8948948948948949        7.7213551528802007E-002
   4.9149149149149149        7.4909360953709536E-002
   4.9349349349349350        7.2660987013917572E-002
   4.9549549549549550        7.0467543327495399E-002
   4.9749749749749750        6.8328141284532670E-002
   4.9949949949949950        6.6241890737870082E-002
   5.0150150150150150        6.4207900674268681E-002
   5.0350350350350350        6.2225279865905217E-002
   5.0550550550550550        6.0293137502109150E-002
   5.0750750750750750        5.8410583801282813E-002
   5.0950950950950951        5.6576730602973149E-002
   5.1151151151151151        5.4790691940088142E-002
   5.1351351351351351        5.3051584591276471E-002
   5.1551551551551551        5.1358528613511673E-002
   5.1751751751751751        4.9710647854945708E-002
   5.1951951951951951        4.8107070448119134E-002
   5.2152152152152151        4.6546929283635824E-002
   5.2352352352352352        4.5029362464430935E-002
   5.2552552552552552        4.3553513740780939E-002
   5.2752752752752752        4.2118532926222481E-002
   5.2952952952952952        4.0723576294565592E-002
   5.3153153153153152        3.9367806958203355E-002
   5.3353353353353352        3.8050395227936858E-002
   5.3553553553553552        3.6770518954549268E-002
   5.3753753753753752        3.5527363852377980E-002
   5.3953953953953953        3.4320123805146770E-002
   5.4154154154154153        3.3148001154333931E-002
   5.4354354354354353        3.2010206970363379E-002
   5.4554554554554553        3.0905961306917747E-002
   5.4754754754754753        2.9834493438682740E-002
   5.4954954954954953        2.8795042082841601E-002
   5.5155155155155153        2.7786855604647887E-002
   5.5355355355355353        2.6809192207412420E-002
   5.5555555555555554        2.5861320107247978E-002
   5.5755755755755754        2.4942517692921936E-002
   5.5955955955955954        2.4052073671173041E-002
   5.6156156156156154        2.3189287197853539E-002
   5.6356356356356354        2.2353467995262714E-002
   5.6556556556556554        2.1543936456041482E-002
   5.6756756756756754        2.0760023734001255E-002
   5.6956956956956954        2.0001071822262469E-002
   5.7157157157157155        1.9266433619080467E-002
   5.7357357357357355        1.8555472981737597E-002
   5.7557557557557555        1.7867564768881305E-002
   5.7757757757757755        1.7202094871688004E-002
   5.7957957957957955        1.6558460234232582E-002
   5.8158158158158155        1.5936068863442159E-002
   5.8358358358358355        1.5334339829011464E-002
   5.8558558558558556        1.4752703253655923E-002
   5.8758758758758756        1.4190600294075100E-002
   5.8958958958958956        1.3647483112998064E-002
   5.9159159159159156        1.3122814842677312E-002
   5.9359359359359356        1.2616069540196151E-002
   5.9559559559559556        1.2126732134949001E-002
   5.9759759759759756        1.1654298368650898E-002
   5.9959959959959956        1.1198274728227500E-002
   6.0160160160160174        1.0758178371931833E-002
   6.0360360360360374        1.0333537049029390E-002
   6.0560560560560575        9.9238890133867552E-003
   6.0760760760760775        9.5287829312945653E-003
   6.0960960960960975        9.1477777838484681E-003
   6.1161161161161175        8.7804427642059653E-003
   6.1361361361361375        8.4263571700310905E-003
   6.1561561561561575        8.0851102914315902E-003
   6.1761761761761775        7.7563012946870978E-003
   6.1961961961961975        7.4395391020597350E-003
   6.2162162162162176        7.1344422679714839E-003
   6.2362362362362376        6.8406388518258993E-003
   6.2562562562562576        6.5577662877439958E-003
   6.2762762762762776        6.2854712514775028E-003
   6.2962962962962976        6.0234095247547218E-003
   6.3163163163163176        5.7712458573072481E-003
   6.3363363363363376        5.5286538268181024E-003
   6.3563563563563577        5.2953156970244894E-003
   6.3763763763763777        5.0709222742008906E-003
   6.3963963963963977        4.8551727622406209E-003
   6.4164164164164177        4.6477746165466014E-003
   6.4364364364364377        4.4484433969346083E-003
   6.4564564564564577        4.2569026197448265E-003
   6.4764764764764777        4.0728836093501149E-003
   6.4964964964964977        3.8961253492421888E-003
   6.5165165165165178        3.7263743328695034E-003
   6.5365365365365378        3.5633844143934802E-003
   6.5565565565565578        3.4069166595227106E-003
   6.5765765765765778        3.2567391965775405E-003
   6.5965965965965978        3.1126270679306461E-003
   6.6166166166166178        2.9743620819623279E-003
   6.6366366366366378        2.8417326656625433E-003
   6.6566566566566578        2.7145337180050294E-003
   6.6766766766766779        2.5925664642123887E-003
   6.6966966966966979        2.4756383110247225E-003
   6.7167167167167179        2.3635627030779678E-003
   6.7367367367367379        2.2561589804921422E-003
   6.7567567567567579        2.1532522377636569E-003
   6.7767767767767779        2.0546731840499813E-003
   6.7967967967967979        1.9602580049293008E-003
   6.8168168168168179        1.8698482257122249E-003
   6.8368368368368380        1.7832905763771666E-003
   6.8568568568568580        1.7004368581958209E-003
   6.8768768768768780        1.6211438121099605E-003
   6.8968968968968980        1.5452729889159104E-003
   6.9169169169169180        1.4726906213081354E-003
   6.9369369369369380        1.4032674978288293E-003
   6.9569569569569580        1.3368788387658050E-003
   6.9769769769769781        1.2734041740366504E-003
   6.9969969969969981        1.2127272230929387E-003
   7.0170170170170181        1.1547357768741976E-003
   7.0370370370370381        1.0993215818374334E-003
   7.0570570570570581        1.0463802260842949E-003
   7.0770770770770781        9.9581102760431151E-004
   7.0970970970970981        9.4751692464921345E-004
   7.1171171171171181        9.0140436824999893E-004
   7.1371371371371382        8.5738321688528369E-004
   7.1571571571571582        8.1536663330639494E-004
   7.1771771771771782        7.7527098352181997E-004
   7.1971971971971982        7.3701573794084129E-004
   7.2172172172172182        7.0052337467358609E-004
   7.2372372372372382        6.6571928498223350E-004
   7.2572572572572582        6.3253168087575734E-004
   7.2772772772772782        6.0089150483835698E-004
   7.2972972972972983        5.7073234167962926E-004
   7.3173173173173183        5.4199033249254566E-004
   7.3373373373373383        5.1460409070342719E-004
   7.3573573573573583        4.8851462019637657E-004
   7.3773773773773783        4.6366523549296664E-004
   7.3973973973973983        4.4000148396647316E-004
   7.4174174174174183        4.1747107006850562E-004
   7.4374374374374383        3.9602378154458124E-004
   7.4574574574574584        3.7561141761394584E-004
   7.4774774774774784        3.5618771908785095E-004
   7.4974974974974984        3.3770830039943578E-004
   7.5175175175175184        3.2013058351744716E-004
   7.5375375375375384        3.0341373371515964E-004
   7.5575575575575584        2.8751859716509646E-004
   7.5775775775775784        2.7240764032946378E-004
   7.5975975975975985        2.5804489111559670E-004
   7.6176176176176185        2.4439588176518074E-004
   7.6376376376376385        2.3142759344553927E-004
   7.6576576576576585        2.1910840251089731E-004
   7.6776776776776785        2.0740802840118919E-004
   7.6976976976976985        1.9629748314569607E-004
   7.7177177177177185        1.8574902243862789E-004
   7.7377377377377385        1.7573609825356562E-004
   7.7577577577577586        1.6623331296361794E-004
   7.7777777777777786        1.5721637493407831E-004
   7.7977977977977986        1.4866205555437488E-004
   7.8178178178178186        1.4054814767616123E-004
   7.8378378378378386        1.3285342542447071E-004
   7.8578578578578586        1.2555760534900057E-004
   7.8778778778778786        1.1864130888276297E-004
   7.8978978978978986        1.1208602607553382E-004
   7.9179179179179187        1.0587408056978465E-004
   7.9379379379379387        9.9988595787045911E-005
   7.9579579579579587        9.4413462292952636E-005
   7.9779779779779787        8.9133306309552215E-005
   7.9979979979979987        8.4133459343809302E-005
   8.0180180180180187        7.9399928901615745E-005
   8.0380380380380387        7.4919370257016824E-005
   8.0580580580580587        7.0679059246779214E-005
   8.0780780780780788        6.6666866060863678E-005
   8.0980980980980988        6.2871229999819390E-005
   8.1181181181181188        5.9281135170579588E-005
   8.1381381381381388        5.5886087092623024E-005
   8.1581581581581588        5.2676090186953000E-005
   8.1781781781781788        4.9641626120849538E-005
   8.1981981981981988        4.6773632981860599E-005
   8.2182182182182189        4.4063485255015506E-005
   8.2382382382382389        4.1502974577767707E-005
   8.2582582582582589        3.9084291247704042E-005
   8.2782782782782789        3.6800006458589489E-005
   8.2982982982982989        3.4643055240855015E-005
   8.3183183183183189        3.2606720083170113E-005
   8.3383383383383389        3.0684615212284253E-005
   8.3583583583583589        2.8870671508858928E-005
   8.3783783783783790        2.7159122037548976E-005
   8.3983983983983990        2.5544488170130765E-005
   8.4184184184184190        2.4021566281007823E-005
   8.4384384384384390        2.2585414994954875E-005
   8.4584584584584590        2.1231342967491355E-005
   8.4784784784784790        1.9954897178796200E-005
   8.4984984984984990        1.8751851722595684E-005
   8.5185185185185190        1.7618197071969180E-005
   8.5385385385385391        1.6550129804524482E-005
   8.5585585585585591        1.5544042769895829E-005
   8.5785785785785791        1.4596515683012286E-005
   8.5985985985985991        1.3704306127071408E-005
   8.6186186186186191        1.2864340950633048E-005
   8.6386386386386391        1.2073708043720696E-005
   8.6586586586586591        1.1329648478282489E-005
   8.6786786786786791        1.0629548998819778E-005
   8.6986986986986992        9.9709348494394587E-006
   8.7187187187187192        9.3514629240257497E-006
   8.7387387387387392        8.7689152266573221E-006
   8.7587587587587592        8.2211926298180953E-006
   8.7787787787787792        7.7063089183623503E-006
   8.7987987987987992        7.2223851075992173E-006
   8.8188188188188192        6.7676440242556674E-006
   8.8388388388388393        6.3404051394635748E-006
   8.8588588588588593        5.9390796432920794E-006
   8.8788788788788793        5.5621657507141677E-006
   8.8988988988988993        5.2082442292544409E-006
   8.9189189189189193        4.8759741389137448E-006
   8.9389389389389393        4.5640887753065019E-006
   8.9589589589589593        4.2713918072768594E-006
   8.9789789789789793        3.9967536005821164E-006
   8.9989989989989994        3.7391077195441700E-006
   9.0190190190190194        3.4974475988739938E-006
   9.0390390390390394        3.2708233781694078E-006
   9.0590590590590594        3.0583388918728392E-006
   9.0790790790790794        2.8591488077539495E-006
   9.0990990990990994        2.6724559072516735E-006
   9.1191191191191194        2.4975085012714538E-006
   9.1391391391391394        2.3335979752868451E-006
   9.1591591591591595        2.1800564578396769E-006
   9.1791791791791795        2.0362546067704609E-006
   9.1991991991991995        1.9015995077401934E-006
   9.2192192192192195        1.7755326798267950E-006
   9.2392392392392395        1.6575281831940333E-006
   9.2592592592592595        1.5470908240381111E-006
   9.2792792792792795        1.4437544522172684E-006
   9.2992992992992995        1.3470803471631442E-006
   9.3193193193193196        1.2566556878590657E-006
   9.3393393393393396        1.1720921028503210E-006
   9.3593593593593596        1.0930242964249170E-006
   9.3793793793793796        1.0191087472704085E-006
   9.3993993993993996        9.5002247607344074E-007
   9.4194194194194196        8.8546187868358632E-007
   9.4394394394394396        8.2514162161233615E-007
   9.4594594594594597        7.6879359678163789E-007
   9.4794794794794797        7.1616593257448771E-007
   9.4994994994994997        6.6702205837279307E-007
   9.5195195195195197        6.2113981989535596E-007
   9.5395395395395397        5.7831064277135574E-007
   9.5595595595595597        5.3833874190243708E-007
   9.5795795795795797        5.0104037427950306E-007
   9.5995995995995997        4.6624313302874254E-007
   9.6196196196196198        4.3378528056543494E-007
   9.6396396396396398        4.0351511883382927E-007
   9.6596596596596598        3.7529039470700164E-007
   9.6796796796796798        3.4897773871222103E-007
   9.6996996996996998        3.2445213533513302E-007
   9.7197197197197198        3.0159642324007693E-007
   9.7397397397397398        2.8030082382435010E-007
   9.7597597597597598        2.6046249660118475E-007
   9.7797797797797799        2.4198511997986221E-007
   9.7997997997997999        2.2477849608179840E-007
   9.8198198198198199        2.0875817829877275E-007
   9.8398398398398399        1.9384512036379796E-007
   9.8598598598598599        1.7996534576657751E-007
   9.8798798798798799        1.6704963640422030E-007
   9.8998998998998999        1.5503323941388479E-007
   9.9199199199199199        1.4385559118752173E-007
   9.9399399399399400        1.3346005761991064E-007
   9.9599599599599600        1.2379368968983577E-007
   9.9799799799799800        1.1480699352065802E-007
   10.000000000000000        1.0645371411076024E-007
